0 4
1 4
2 4
3 4
4 4
5 4
6 4
7 4
8 4
9 4
10 4
11 4
12 4
13 4
14 4
15 4
16 4
17 4
18 4
19 4
20 4
21 4
22 4
23 4
24 4
25 4
26 4
27 4
28 4
29 4
30 4
31 4
32 4
33 4
34 3
35 4
36 4
37 4
38 4
39 4
40 4
41 4
42 4
43 4
44 4
45 4
46 4
47 4
48 4
49 4
50 4
51 4
52 4
53 4
54 4
55 4
56 4
57 4
58 4
59 4
60 4
61 4
62 4
63 4
64 4
65 4
66 4
67 4
68 4
69 4
70 4
71 4
72 4
73 4
74 4
75 4
76 4
77 4
78 4
79 4
80 4
81 4
82 4
83 4
84 4
85 4
86 4
87 4
88 4
89 4
90 4
91 4
92 4
93 4
94 4
95 4
96 4
97 4
98 4
99 4
100 4
101 4
102 4
103 4
104 4
105 4
106 4
107 5
108 4
109 4
110 4
111 4
112 4
113 4
114 4
115 4
116 4
117 4
118 4
119 4
120 4
121 4
122 4
123 4
124 4
125 4
126 4
127 4
128 4
129 4
130 4
131 4
132 4
133 4
134 4
135 4
136 10
137 4
138 4
139 4
140 4
141 4
142 4
143 4
144 4
145 4
146 4
147 4
148 4
149 4
150 4
151 4
152 4
153 4
154 4
155 4
156 4
157 4
158 4
159 4
160 4
161 4
162 4
163 4
164 4
165 4
166 4
167 4
168 4
169 4
170 4
171 4
172 4
173 3
174 4
175 4
176 4
177 4
178 4
179 4
180 4
181 4
182 4
183 4
184 4
185 4
186 4
187 4
188 4
189 4
190 4
191 4
192 4
193 4
194 4
195 4
196 4
197 4
198 3
199 4
200 4
201 4
202 4
203 4
204 4
205 4
206 4
207 4
208 4
209 4
210 4
211 4
212 4
213 4
214 4
215 4
216 4
217 4
218 4
219 4
220 4
221 4
222 4
223 4
224 4
225 4
226 4
227 4
228 4
229 4
230 4
231 4
232 4
233 4
234 4
235 4
236 4
237 4
238 4
239 4
240 4
241 4
242 4
243 4
244 4
245 4
246 4
247 4
248 4
249 4
250 4
251 4
252 4
253 4
254 4
255 4
256 4
257 4
258 4
259 4
260 4
261 4
262 4
263 4
264 4
265 4
266 4
267 4
268 4
269 4
270 4
271 4
272 4
273 4
274 4
275 4
276 4
277 4
278 4
279 4
280 4
281 4
282 4
283 4
284 4
285 4
286 4
287 4
288 4
289 4
290 4
291 4
292 4
293 4
294 4
295 4
296 4
297 4
298 4
299 4
300 4
301 4
302 4
303 4
304 4
305 4
306 4
307 4
308 4
309 4
310 4
311 4
312 4
313 4
314 4
315 4
316 4
317 4
318 4
319 4
320 4
321 4
322 4
323 4
324 4
325 4
326 4
327 4
328 4
329 4
330 4
331 4
332 4
333 4
334 4
335 4
336 4
337 4
338 4
339 4
340 4
341 4
342 4
343 4
344 4
345 4
346 4
347 4
348 3
349 3
350 3
351 3
352 3
353 3
354 3
355 3
356 3
357 3
358 3
359 3
360 3
361 3
362 3
363 3
364 3
365 3
366 3
367 3
368 3
369 3
370 3
371 3
372 3
373 3
374 3
375 3
376 3
377 3
378 3
379 3
380 3
381 3
382 3
383 3
384 3
385 3
386 3
387 3
388 3
389 5
390 3
391 3
392 3
393 3
394 3
395 3
396 3
397 3
398 3
399 3
400 3
401 3
402 3
403 3
404 3
405 3
406 3
407 3
408 3
409 3
410 3
411 3
412 3
413 3
414 3
415 3
416 3
417 3
418 3
419 3
420 3
421 3
422 3
423 3
424 3
425 3
426 3
427 3
428 3
429 3
430 3
431 3
432 3
433 3
434 3
435 3
436 3
437 3
438 3
439 3
440 3
441 3
442 3
443 3
444 3
445 3
446 3
447 3
448 3
449 3
450 3
451 3
452 3
453 3
454 3
455 3
456 3
457 3
458 3
459 3
460 3
461 3
462 3
463 3
464 3
465 3
466 3
467 3
468 3
469 3
470 3
471 3
472 3
473 3
474 3
475 3
476 3
477 3
478 3
479 3
480 3
481 3
482 3
483 3
484 3
485 3
486 3
487 3
488 3
489 3
490 3
491 3
492 3
493 3
494 3
495 3
496 3
497 3
498 3
499 3
500 3
501 3
502 3
503 3
504 3
505 3
506 3
507 3
508 3
509 3
510 3
511 3
512 3
513 3
514 3
515 3
516 3
517 3
518 3
519 3
520 3
521 3
522 3
523 3
524 3
525 3
526 3
527 3
528 3
529 3
530 3
531 3
532 3
533 3
534 3
535 3
536 3
537 3
538 3
539 3
540 3
541 3
542 3
543 3
544 3
545 3
546 3
547 3
548 3
549 3
550 3
551 3
552 3
553 3
554 3
555 3
556 3
557 3
558 3
559 3
560 3
561 3
562 3
563 3
564 3
565 3
566 3
567 3
568 3
569 3
570 3
571 3
572 3
573 3
574 3
575 3
576 0
577 0
578 0
579 3
580 3
581 3
582 0
583 0
584 3
585 3
586 3
587 3
588 3
589 3
590 3
591 3
592 3
593 3
594 15
595 0
596 5
597 3
598 3
599 0
600 0
601 3
602 3
603 3
604 3
605 3
606 3
607 3
608 3
609 3
610 3
611 3
612 3
613 3
614 3
615 0
616 3
617 3
618 3
619 3
620 3
621 3
622 3
623 3
624 3
625 3
626 3
627 0
628 0
629 3
630 3
631 3
632 0
633 3
634 3
635 0
636 3
637 3
638 3
639 3
640 0
641 3
642 3
643 0
644 3
645 3
646 3
647 0
648 3
649 3
650 0
651 3
652 3
653 3
654 3
655 3
656 3
657 3
658 0
659 0
660 3
661 0
662 0
663 3
664 3
665 0
666 3
667 3
668 3
669 3
670 0
671 3
672 3
673 3
674 3
675 0
676 3
677 3
678 3
679 3
680 3
681 0
682 3
683 3
684 3
685 3
686 1
687 1
688 1
689 1
690 1
691 1
692 1
693 1
694 1
695 1
696 1
697 1
698 1
699 1
700 1
701 1
702 1
703 1
704 1
705 1
706 1
707 1
708 1
709 1
710 1
711 1
712 1
713 1
714 1
715 1
716 1
717 1
718 1
719 1
720 1
721 1
722 1
723 1
724 1
725 1
726 1
727 1
728 1
729 1
730 1
731 1
732 1
733 1
734 1
735 1
736 1
737 1
738 1
739 1
740 1
741 1
742 1
743 1
744 1
745 1
746 1
747 1
748 1
749 1
750 1
751 1
752 1
753 1
754 1
755 1
756 1
757 1
758 1
759 1
760 1
761 1
762 1
763 1
764 1
765 1
766 1
767 1
768 1
769 1
770 1
771 1
772 1
773 1
774 1
775 1
776 1
777 1
778 1
779 1
780 1
781 1
782 1
783 1
784 1
785 1
786 1
787 1
788 1
789 1
790 1
791 1
792 1
793 1
794 1
795 1
796 1
797 1
798 1
799 1
800 1
801 1
802 1
803 1
804 1
805 1
806 1
807 1
808 1
809 1
810 1
811 1
812 1
813 1
814 1
815 1
816 1
817 1
818 1
819 1
820 1
821 1
822 1
823 1
824 1
825 1
826 1
827 1
828 1
829 1
830 1
831 1
832 1
833 1
834 1
835 1
836 1
837 1
838 1
839 1
840 1
841 1
842 1
843 1
844 1
845 1
846 1
847 1
848 1
849 1
850 1
851 1
852 1
853 1
854 1
855 1
856 1
857 14
858 1
859 1
860 1
861 1
862 14
863 1
864 1
865 14
866 1
867 1
868 14
869 1
870 1
871 1
872 1
873 1
874 1
875 1
876 1
877 1
878 1
879 1
880 1
881 1
882 1
883 1
884 1
885 1
886 1
887 1
888 1
889 1
890 1
891 1
892 1
893 1
894 1
895 1
896 5
897 6
898 5
899 6
900 2
901 2
902 5
903 2
904 5
905 3
906 6
907 6
908 2
909 2
910 3
911 5
912 3
913 5
914 5
915 3
916 6
917 5
918 5
919 5
920 6
921 6
922 6
923 13
924 5
925 6
926 6
927 6
928 2
929 13
930 3
931 3
932 6
933 5
934 6
935 5
936 3
937 5
938 2
939 3
940 5
941 5
942 5
943 5
944 5
945 5
946 6
947 6
948 3
949 5
950 2
951 2
952 6
953 6
954 5
955 2
956 2
957 5
958 2
959 6
960 6
961 6
962 3
963 2
964 5
965 5
966 6
967 6
968 5
969 5
970 2
971 5
972 6
973 6
974 5
975 5
976 3
977 5
978 6
979 2
980 6
981 5
982 6
983 6
984 5
985 5
986 5
987 2
988 5
989 5
990 13
991 6
992 2
993 6
994 5
995 6
996 13
997 6
998 6
999 6
1000 5
1001 3
1002 6
1003 6
1004 6
1005 5
1006 6
1007 5
1008 2
1009 5
1010 5
1011 5
1012 3
1013 5
1014 5
1015 5
1016 2
1017 6
1018 5
1019 5
1020 5
1021 5
1022 5
1023 2
1024 6
1025 3
1026 6
1027 6
1028 6
1029 6
1030 2
1031 2
1032 5
1033 2
1034 6
1035 5
1036 5
1037 5
1038 6
1039 6
1040 6
1041 5
1042 5
1043 2
1044 5
1045 2
1046 5
1047 6
1048 6
1049 6
1050 6
1051 5
1052 5
1053 5
1054 6
1055 6
1056 6
1057 5
1058 6
1059 6
1060 5
1061 2
1062 5
1063 6
1064 3
1065 5
1066 5
1067 5
1068 6
1069 6
1070 5
1071 5
1072 5
1073 2
1074 6
1075 6
1076 6
1077 6
1078 6
1079 6
1080 3
1081 5
1082 5
1083 6
1084 6
1085 14
1086 6
1087 13
1088 2
1089 5
1090 5
1091 6
1092 6
1093 5
1094 3
1095 3
1096 5
1097 2
1098 2
1099 5
1100 5
1101 6
1102 5
1103 5
1104 5
1105 6
1106 5
1107 6
1108 5
1109 5
1110 6
1111 2
1112 6
1113 3
1114 3
1115 5
1116 6
1117 6
1118 2
1119 5
1120 5
1121 5
1122 3
1123 6
1124 6
1125 6
1126 6
1127 5
1128 6
1129 5
1130 6
1131 5
1132 6
1133 6
1134 5
1135 6
1136 2
1137 2
1138 2
1139 5
1140 13
1141 5
1142 3
1143 5
1144 2
1145 5
1146 6
1147 5
1148 5
1149 6
1150 6
1151 6
1152 5
1153 6
1154 3
1155 3
1156 6
1157 6
1158 5
1159 5
1160 6
1161 6
1162 3
1163 6
1164 6
1165 2
1166 5
1167 5
1168 5
1169 5
1170 5
1171 6
1172 6
1173 6
1174 2
1175 6
1176 5
1177 2
1178 2
1179 3
1180 6
1181 6
1182 6
1183 5
1184 6
1185 6
1186 2
1187 2
1188 5
1189 5
1190 5
1191 6
1192 5
1193 13
1194 5
1195 6
1196 6
1197 2
1198 6
1199 6
1200 5
1201 6
1202 5
1203 2
1204 5
1205 6
1206 5
1207 6
1208 6
1209 6
1210 3
1211 6
1212 3
1213 5
1214 6
1215 5
1216 2
1217 5
1218 2
1219 6
1220 6
1221 5
1222 6
1223 3
1224 5
1225 5
1226 5
1227 5
1228 5
1229 5
1230 6
1231 5
1232 2
1233 5
1234 3
1235 5
1236 5
1237 3
1238 6
1239 6
1240 2
1241 5
1242 6
1243 6
1244 5
1245 5
1246 5
1247 5
1248 5
1249 5
1250 6
1251 2
1252 2
1253 5
1254 2
1255 6
1256 6
1257 5
1258 5
1259 5
1260 5
1261 5
1262 5
1263 5
1264 5
1265 6
1266 6
1267 6
1268 5
1269 6
1270 5
1271 6
1272 6
1273 5
1274 2
1275 5
1276 5
1277 5
1278 6
1279 5
1280 6
1281 5
1282 5
1283 6
1284 5
1285 6
1286 5
1287 6
1288 6
1289 6
1290 6
1291 6
1292 5
1293 6
1294 3
1295 5
1296 5
1297 4
1298 5
1299 5
1300 3
1301 6
1302 6
1303 5
1304 5
1305 6
1306 5
1307 2
1308 5
1309 5
1310 5
1311 5
1312 6
1313 3
1314 2
1315 5
1316 5
1317 13
1318 3
1319 2
1320 3
1321 6
1322 5
1323 6
1324 5
1325 2
1326 5
1327 6
1328 2
1329 6
1330 6
1331 6
1332 3
1333 2
1334 6
1335 6
1336 6
1337 6
1338 5
1339 6
1340 6
1341 6
1342 3
1343 5
1344 6
1345 5
1346 6
1347 5
1348 5
1349 3
1350 5
1351 6
1352 6
1353 2
1354 5
1355 5
1356 3
1357 3
1358 3
1359 6
1360 2
1361 6
1362 5
1363 2
1364 5
1365 6
1366 5
1367 6
1368 2
1369 6
1370 6
1371 2
1372 3
1373 5
1374 3
1375 6
1376 6
1377 6
1378 2
1379 5
1380 6
1381 5
1382 5
1383 6
1384 2
1385 5
1386 5
1387 4
1388 6
1389 6
1390 6
1391 6
1392 5
1393 6
1394 2
1395 5
1396 5
1397 3
1398 6
1399 6
1400 3
1401 6
1402 6
1403 2
1404 5
1405 6
1406 5
1407 6
1408 3
1409 6
1410 2
1411 6
1412 5
1413 5
1414 5
1415 5
1416 6
1417 5
1418 5
1419 6
1420 6
1421 2
1422 3
1423 5
1424 2
1425 3
1426 5
1427 3
1428 5
1429 5
1430 3
1431 6
1432 5
1433 2
1434 6
1435 5
1436 5
1437 6
1438 5
1439 6
1440 6
1441 6
1442 6
1443 3
1444 5
1445 2
1446 3
1447 6
1448 5
1449 6
1450 13
1451 5
1452 2
1453 3
1454 5
1455 3
1456 6
1457 6
1458 6
1459 5
1460 6
1461 2
1462 5
1463 6
1464 3
1465 10
1466 5
1467 6
1468 2
1469 5
1470 6
1471 6
1472 5
1473 5
1474 5
1475 5
1476 6
1477 6
1478 3
1479 5
1480 6
1481 5
1482 5
1483 6
1484 6
1485 6
1486 4
1487 3
1488 6
1489 5
1490 3
1491 6
1492 5
1493 2
1494 2
1495 5
1496 5
1497 3
1498 6
1499 2
1500 5
1501 6
1502 5
1503 5
1504 5
1505 13
1506 3
1507 5
1508 5
1509 6
1510 5
1511 2
1512 3
1513 6
1514 3
1515 5
1516 6
1517 6
1518 6
1519 6
1520 6
1521 6
1522 6
1523 6
1524 6
1525 5
1526 3
1527 6
1528 6
1529 5
1530 6
1531 5
1532 6
1533 2
1534 13
1535 6
1536 5
1537 6
1538 6
1539 6
1540 6
1541 5
1542 6
1543 3
1544 6
1545 3
1546 2
1547 6
1548 2
1549 3
1550 5
1551 6
1552 6
1553 2
1554 6
1555 2
1556 6
1557 6
1558 5
1559 6
1560 5
1561 6
1562 2
1563 6
1564 6
1565 3
1566 3
1567 2
1568 2
1569 5
1570 6
1571 6
1572 6
1573 5
1574 3
1575 5
1576 5
1577 10
1578 5
1579 2
1580 6
1581 5
1582 5
1583 5
1584 6
1585 6
1586 5
1587 5
1588 2
1589 6
1590 6
1591 5
1592 5
1593 2
1594 6
1595 5
1596 5
1597 6
1598 6
1599 3
1600 6
1601 2
1602 3
1603 6
1604 6
1605 6
1606 3
1607 5
1608 6
1609 6
1610 6
1611 5
1612 6
1613 6
1614 6
1615 2
1616 3
1617 6
1618 6
1619 6
1620 6
1621 6
1622 6
1623 6
1624 5
1625 3
1626 6
1627 6
1628 5
1629 2
1630 5
1631 3
1632 6
1633 5
1634 5
1635 5
1636 5
1637 6
1638 5
1639 6
1640 5
1641 2
1642 13
1643 6
1644 6
1645 3
1646 5
1647 5
1648 2
1649 5
1650 5
1651 6
1652 6
1653 6
1654 3
1655 5
1656 13
1657 3
1658 5
1659 6
1660 3
1661 5
1662 6
1663 6
1664 5
1665 6
1666 13
1667 5
1668 6
1669 6
1670 6
1671 3
1672 5
1673 3
1674 6
1675 6
1676 2
1677 3
1678 6
1679 3
1680 5
1681 5
1682 5
1683 6
1684 13
1685 6
1686 5
1687 2
1688 6
1689 6
1690 5
1691 5
1692 3
1693 5
1694 3
1695 3
1696 3
1697 6
1698 2
1699 5
1700 6
1701 13
1702 6
1703 5
1704 5
1705 2
1706 5
1707 6
1708 2
1709 5
1710 6
1711 5
1712 6
1713 5
1714 6
1715 5
1716 5
1717 6
1718 10
1719 2
1720 5
1721 6
1722 6
1723 6
1724 6
1725 5
1726 13
1727 5
1728 5
1729 5
1730 6
1731 3
1732 5
1733 2
1734 6
1735 6
1736 6
1737 6
1738 5
1739 5
1740 3
1741 6
1742 5
1743 3
1744 3
1745 5
1746 6
1747 2
1748 5
1749 5
1750 6
1751 5
1752 6
1753 6
1754 6
1755 5
1756 5
1757 6
1758 2
1759 5
1760 5
1761 6
1762 3
1763 3
1764 5
1765 6
1766 3
1767 3
1768 6
1769 6
1770 5
1771 6
1772 6
1773 3
1774 6
1775 6
1776 3
1777 3
1778 3
1779 6
1780 6
1781 5
1782 6
1783 5
1784 2
1785 5
1786 5
1787 2
1788 2
1789 6
1790 3
1791 6
1792 6
1793 6
1794 5
1795 6
1796 6
1797 6
1798 2
1799 6
1800 6
1801 3
1802 2
1803 2
1804 6
1805 6
1806 2
1807 5
1808 3
1809 6
1810 6
1811 6
1812 5
1813 6
1814 3
1815 5
1816 6
1817 6
1818 5
1819 6
1820 5
1821 6
1822 6
1823 6
1824 5
1825 2
1826 6
1827 6
1828 5
1829 3
1830 5
1831 3
1832 6
1833 6
1834 5
1835 6
1836 6
1837 2
1838 13
1839 6
1840 5
1841 5
1842 6
1843 6
1844 3
1845 6
1846 6
1847 5
1848 5
1849 6
1850 5
1851 6
1852 6
1853 3
1854 5
1855 5
1856 6
1857 5
1858 6
1859 5
1860 6
1861 6
1862 5
1863 6
1864 6
1865 6
1866 2
1867 6
1868 6
1869 5
1870 3
1871 5
1872 5
1873 5
1874 6
1875 5
1876 5
1877 6
1878 3
1879 6
1880 2
1881 3
1882 3
1883 6
1884 5
1885 5
1886 6
1887 5
1888 6
1889 2
1890 6
1891 6
1892 2
1893 5
1894 5
1895 2
1896 2
1897 5
1898 6
1899 5
1900 6
1901 3
1902 6
1903 5
1904 5
1905 6
1906 5
1907 5
1908 2
1909 6
1910 3
1911 6
1912 10
1913 10
1914 7
1915 10
1916 10
1917 8
1918 8
1919 7
1920 10
1921 7
1922 10
1923 10
1924 9
1925 8
1926 10
1927 7
1928 7
1929 8
1930 10
1931 7
1932 10
1933 10
1934 10
1935 7
1936 10
1937 10
1938 8
1939 10
1940 10
1941 10
1942 8
1943 8
1944 10
1945 10
1946 8
1947 10
1948 10
1949 10
1950 7
1951 7
1952 10
1953 8
1954 10
1955 10
1956 10
1957 7
1958 7
1959 10
1960 10
1961 10
1962 8
1963 8
1964 10
1965 10
1966 8
1967 3
1968 7
1969 10
1970 10
1971 8
1972 7
1973 7
1974 10
1975 10
1976 7
1977 10
1978 10
1979 8
1980 7
1981 10
1982 10
1983 8
1984 8
1985 8
1986 8
1987 10
1988 9
1989 8
1990 10
1991 7
1992 9
1993 8
1994 10
1995 7
1996 10
1997 8
1998 7
1999 7
2000 7
2001 7
2002 10
2003 10
2004 7
2005 8
2006 7
2007 10
2008 10
2009 7
2010 10
2011 7
2012 7
2013 7
2014 7
2015 10
2016 7
2017 10
2018 7
2019 8
2020 8
2021 8
2022 7
2023 10
2024 7
2025 7
2026 10
2027 7
2028 10
2029 10
2030 8
2031 10
2032 10
2033 8
2034 10
2035 10
2036 10
2037 8
2038 10
2039 10
2040 8
2041 10
2042 10
2043 8
2044 8
2045 8
2046 8
2047 10
2048 10
2049 10
2050 7
2051 10
2052 10
2053 10
2054 10
2055 8
2056 8
2057 10
2058 8
2059 8
2060 8
2061 7
2062 10
2063 8
2064 8
2065 10
2066 10
2067 8
2068 10
2069 8
2070 10
2071 10
2072 10
2073 8
2074 8
2075 10
2076 9
2077 8
2078 8
2079 10
2080 10
2081 10
2082 10
2083 8
2084 8
2085 10
2086 8
2087 10
2088 8
2089 10
2090 8
2091 10
2092 8
2093 8
2094 10
2095 8
2096 10
2097 7
2098 8
2099 10
2100 10
2101 10
2102 10
2103 8
2104 8
2105 10
2106 10
2107 10
2108 8
2109 8
2110 10
2111 10
2112 8
2113 10
2114 10
2115 8
2116 7
2117 10
2118 8
2119 10
2120 10
2121 8
2122 8
2123 8
2124 8
2125 10
2126 10
2127 10
2128 10
2129 10
2130 10
2131 8
2132 10
2133 10
2134 10
2135 10
2136 8
2137 10
2138 10
2139 8
2140 8
2141 10
2142 8
2143 10
2144 10
2145 10
2146 10
2147 8
2148 10
2149 10
2150 8
2151 10
2152 10
2153 10
2154 8
2155 10
2156 10
2157 7
2158 10
2159 7
2160 10
2161 10
2162 10
2163 10
2164 8
2165 8
2166 10
2167 10
2168 10
2169 10
2170 9
2171 7
2172 8
2173 10
2174 10
2175 10
2176 10
2177 10
2178 10
2179 8
2180 10
2181 10
2182 10
2183 10
2184 8
2185 10
2186 10
2187 10
2188 8
2189 10
2190 8
2191 10
2192 7
2193 10
2194 10
2195 10
2196 10
2197 10
2198 10
2199 10
2200 8
2201 8
2202 7
2203 10
2204 10
2205 10
2206 8
2207 9
2208 10
2209 10
2210 8
2211 10
2212 8
2213 8
2214 10
2215 10
2216 8
2217 10
2218 8
2219 10
2220 8
2221 10
2222 10
2223 10
2224 10
2225 7
2226 10
2227 10
2228 10
2229 8
2230 10
2231 10
2232 10
2233 8
2234 8
2235 10
2236 10
2237 8
2238 10
2239 10
2240 8
2241 10
2242 10
2243 10
2244 8
2245 10
2246 10
2247 10
2248 10
2249 10
2250 10
2251 10
2252 10
2253 8
2254 10
2255 9
2256 10
2257 8
2258 8
2259 10
2260 10
2261 8
2262 8
2263 10
2264 10
2265 10
2266 8
2267 10
2268 10
2269 10
2270 10
2271 8
2272 10
2273 10
2274 10
2275 8
2276 8
2277 10
2278 8
2279 10
2280 10
2281 10
2282 10
2283 10
2284 7
2285 10
2286 10
2287 8
2288 8
2289 10
2290 8
2291 10
2292 10
2293 10
2294 10
2295 10
2296 10
2297 7
2298 10
2299 8
2300 8
2301 10
2302 10
2303 8
2304 10
2305 10
2306 8
2307 8
2308 8
2309 8
2310 10
2311 8
2312 10
2313 10
2314 10
2315 10
2316 10
2317 10
2318 10
2319 10
2320 9
2321 10
2322 10
2323 8
2324 8
2325 10
2326 8
2327 10
2328 10
2329 8
2330 10
2331 8
2332 10
2333 10
2334 8
2335 10
2336 10
2337 7
2338 10
2339 8
2340 8
2341 10
2342 10
2343 10
2344 10
2345 10
2346 7
2347 8
2348 8
2349 9
2350 8
2351 10
2352 8
2353 8
2354 8
2355 10
2356 8
2357 10
2358 10
2359 8
2360 10
2361 10
2362 10
2363 8
2364 7
2365 7
2366 10
2367 10
2368 10
2369 8
2370 8
2371 10
2372 10
2373 10
2374 8
2375 10
2376 8
2377 10
2378 7
2379 10
2380 10
2381 8
2382 10
2383 8
2384 10
2385 10
2386 8
2387 8
2388 10
2389 10
2390 10
2391 8
2392 8
2393 8
2394 10
2395 8
2396 10
2397 10
2398 10
2399 10
2400 10
2401 9
2402 10
2403 10
2404 8
2405 10
2406 10
2407 8
2408 8
2409 8
2410 8
2411 10
2412 10
2413 10
2414 8
2415 10
2416 10
2417 10
2418 8
2419 10
2420 10
2421 10
2422 10
2423 8
2424 10
2425 10
2426 9
2427 8
2428 8
2429 8
2430 8
2431 10
2432 10
2433 8
2434 10
2435 7
2436 10
2437 10
2438 10
2439 10
2440 10
2441 10
2442 8
2443 8
2444 9
2445 10
2446 8
2447 7
2448 10
2449 8
2450 10
2451 10
2452 10
2453 10
2454 8
2455 10
2456 10
2457 10
2458 10
2459 7
2460 8
2461 10
2462 8
2463 10
2464 8
2465 10
2466 9
2467 8
2468 8
2469 8
2470 10
2471 10
2472 10
2473 10
2474 10
2475 10
2476 8
2477 8
2478 8
2479 10
2480 10
2481 10
2482 8
2483 10
2484 8
2485 8
2486 9
2487 10
2488 10
2489 8
2490 9
2491 10
2492 8
2493 10
2494 7
2495 8
2496 10
2497 10
2498 10
2499 8
2500 8
2501 10
2502 10
2503 10
2504 8
2505 10
2506 8
2507 8
2508 10
2509 10
2510 10
2511 10
2512 10
2513 9
2514 10
2515 9
2516 10
2517 10
2518 10
2519 10
2520 8
2521 8
2522 10
2523 10
2524 8
2525 10
2526 8
2527 10
2528 10
2529 10
2530 10
2531 10
2532 8
2533 10
2534 10
2535 10
2536 8
2537 10
2538 7
2539 8
2540 10
2541 10
2542 8
2543 8
2544 10
2545 8
2546 8
2547 10
2548 10
2549 8
2550 8
2551 8
2552 8
2553 8
2554 8
2555 10
2556 8
2557 10
2558 10
2559 8
2560 8
2561 8
2562 10
2563 8
2564 8
2565 10
2566 10
2567 10
2568 10
2569 10
2570 10
2571 10
2572 10
2573 8
2574 8
2575 8
2576 8
2577 10
2578 8
2579 8
2580 10
2581 10
2582 10
2583 7
2584 8
2585 7
2586 8
2587 10
2588 10
2589 10
2590 8
2591 8
2592 10
2593 8
2594 10
2595 10
2596 10
2597 10
2598 10
2599 10
2600 8
2601 8
2602 8
2603 10
2604 8
2605 10
2606 8
2607 8
2608 10
2609 10
2610 10
2611 8
2612 10
2613 8
2614 10
2615 8
2616 10
2617 10
2618 10
2619 8
2620 7
2621 10
2622 9
2623 8
2624 8
2625 8
2626 7
2627 7
2628 10
2629 10
2630 8
2631 8
2632 10
2633 7
2634 10
2635 10
2636 7
2637 10
2638 8
2639 7
2640 7
2641 10
2642 10
2643 10
2644 10
2645 7
2646 8
2647 7
2648 7
2649 10
2650 9
2651 10
2652 10
2653 10
2654 8
2655 8
2656 10
2657 7
2658 7
2659 7
2660 7
2661 13
2662 13
2663 11
2664 11
2665 13
2666 11
2667 13
2668 13
2669 11
2670 12
2671 13
2672 13
2673 11
2674 13
2675 13
2676 11
2677 13
2678 13
2679 11
2680 11
2681 11
2682 13
2683 11
2684 13
2685 13
2686 13
2687 13
2688 13
2689 11
2690 13
2691 13
2692 13
2693 13
2694 11
2695 11
2696 13
2697 13
2698 11
2699 12
2700 13
2701 13
2702 13
2703 12
2704 4
2705 11
2706 11
2707 13
2708 13
2709 13
2710 11
2711 13
2712 13
2713 13
2714 13
2715 13
2716 13
2717 11
2718 13
2719 13
2720 13
2721 13
2722 13
2723 13
2724 13
2725 13
2726 11
2727 13
2728 13
2729 11
2730 13
2731 11
2732 13
2733 13
2734 13
2735 13
2736 13
2737 13
2738 11
2739 13
2740 4
2741 11
2742 13
2743 11
2744 13
2745 11
2746 11
2747 13
2748 13
2749 11
2750 11
2751 13
2752 13
2753 13
2754 11
2755 11
2756 11
2757 11
2758 13
2759 11
2760 13
2761 11
2762 13
2763 11
2764 13
2765 13
2766 11
2767 12
2768 13
2769 11
2770 13
2771 13
2772 13
2773 11
2774 13
2775 13
2776 13
2777 11
2778 13
2779 13
2780 13
2781 13
2782 11
2783 13
2784 13
2785 13
2786 11
2787 13
2788 13
2789 11
2790 13
2791 13
2792 13
2793 13
2794 11
2795 13
2796 13
2797 13
2798 11
2799 13
2800 11
2801 13
2802 13
2803 13
2804 13
2805 13
2806 11
2807 11
2808 13
2809 11
2810 11
2811 13
2812 13
2813 13
2814 4
2815 11
2816 13
2817 13
2818 13
2819 13
2820 13
2821 11
2822 13
2823 13
2824 13
2825 13
2826 13
2827 11
2828 13
2829 13
2830 13
2831 13
2832 13
2833 13
2834 12
2835 11
2836 13
2837 11
2838 4
2839 11
2840 13
2841 13
2842 13
2843 13
2844 13
2845 13
2846 13
2847 13
2848 13
2849 13
2850 11
2851 11
2852 11
2853 13
2854 11
2855 13
2856 13
2857 13
2858 13
2859 13
2860 13
2861 13
2862 11
2863 13
2864 11
2865 13
2866 11
2867 11
2868 13
2869 13
2870 13
2871 13
2872 11
2873 11
2874 11
2875 13
2876 13
2877 11
2878 13
2879 12
2880 11
2881 13
2882 13
2883 13
2884 11
2885 4
2886 13
2887 11
2888 11
2889 12
2890 11
2891 11
2892 13
2893 13
2894 13
2895 13
2896 11
2897 11
2898 13
2899 11
2900 13
2901 13
2902 13
2903 13
2904 13
2905 11
2906 11
2907 11
2908 11
2909 11
2910 11
2911 11
2912 11
2913 11
2914 13
2915 11
2916 11
2917 11
2918 13
2919 11
2920 11
2921 13
2922 13
2923 13
2924 11
2925 11
2926 13
2927 11
2928 11
2929 11
2930 13
2931 11
2932 13
2933 13
2934 13
2935 13
2936 13
2937 13
2938 13
2939 13
2940 11
2941 13
2942 13
2943 11
2944 11
2945 11
2946 11
2947 13
2948 11
2949 13
2950 13
2951 13
2952 11
2953 11
2954 13
2955 13
2956 11
2957 13
2958 13
2959 12
2960 11
2961 11
2962 13
2963 11
2964 13
2965 13
2966 11
2967 11
2968 13
2969 11
2970 13
2971 13
2972 12
2973 13
2974 11
2975 13
2976 13
2977 11
2978 11
2979 13
2980 13
2981 11
2982 12
2983 13
2984 13
2985 11
2986 11
2987 11
2988 11
2989 13
2990 13
2991 13
2992 13
2993 11
2994 11
2995 13
2996 13
2997 13
2998 13
2999 13
3000 11
3001 13
3002 13
3003 4
3004 11
3005 13
3006 13
3007 13
3008 12
3009 13
3010 11
3011 13
3012 13
3013 13
3014 11
3015 13
3016 13
3017 13
3018 13
3019 13
3020 13
3021 13
3022 11
3023 11
3024 13
3025 11
3026 11
3027 13
3028 13
3029 11
3030 11
3031 13
3032 13
3033 11
3034 13
3035 13
3036 11
3037 13
3038 13
3039 13
3040 11
3041 13
3042 11
3043 13
3044 11
3045 11
3046 13
3047 11
3048 13
3049 13
3050 13
3051 13
3052 11
3053 13
3054 11
3055 13
3056 11
3057 13
3058 13
3059 11
3060 13
3061 13
3062 13
3063 13
3064 11
3065 11
3066 13
3067 13
3068 13
3069 13
3070 13
3071 13
3072 13
3073 11
3074 13
3075 13
3076 13
3077 13
3078 11
3079 13
3080 11
3081 13
3082 13
3083 13
3084 11
3085 11
3086 13
3087 13
3088 13
3089 13
3090 11
3091 13
3092 11
3093 13
3094 13
3095 11
3096 11
3097 13
3098 11
3099 13
3100 13
3101 13
3102 13
3103 13
3104 11
3105 13
3106 13
3107 13
3108 11
3109 13
3110 13
3111 13
3112 13
3113 13
3114 11
3115 13
3116 13
3117 11
3118 13
3119 11
3120 13
3121 13
3122 13
3123 11
3124 13
3125 13
3126 13
3127 13
3128 13
3129 11
3130 11
3131 13
3132 13
3133 13
3134 13
3135 11
3136 13
3137 11
3138 13
3139 11
3140 13
3141 13
3142 11
3143 11
3144 13
3145 13
3146 13
3147 13
3148 13
3149 11
3150 13
3151 13
3152 13
3153 11
3154 13
3155 13
3156 13
3157 13
3158 11
3159 13
3160 13
3161 13
3162 13
3163 11
3164 13
3165 13
3166 11
3167 13
3168 13
3169 13
3170 13
3171 13
3172 13
3173 13
3174 11
3175 13
3176 13
3177 13
3178 13
3179 13
3180 13
3181 13
3182 13
3183 13
3184 11
3185 13
3186 13
3187 13
3188 13
3189 13
3190 13
3191 13
3192 13
3193 11
3194 13
3195 11
3196 13
3197 13
3198 13
3199 13
3200 13
3201 13
3202 11
3203 13
3204 13
3205 13
3206 13
3207 13
3208 13
3209 13
3210 13
3211 13
3212 13
3213 11
3214 13
3215 13
3216 13
3217 13
3218 13
3219 13
3220 11
3221 13
3222 13
3223 13
3224 13
3225 13
3226 11
3227 11
3228 11
3229 11
3230 13
3231 11
3232 11
3233 13
3234 11
3235 13
3236 13
3237 11
3238 11
3239 13
3240 13
3241 13
3242 13
3243 11
3244 13
3245 13
3246 13
3247 13
3248 13
3249 13
3250 11
3251 13
3252 13
3253 13
3254 13
3255 13
3256 13
3257 11
3258 13
3259 13
3260 13
3261 13
3262 13
3263 13
3264 13
3265 13
3266 13
3267 13
3268 13
3269 11
3270 13
3271 13
3272 13
3273 13
3274 13
3275 13
3276 13
3277 13
3278 13
3279 13
3280 13
3281 13
3282 13
3283 12
3284 11
3285 13
3286 11
3287 13
3288 13
3289 13
3290 4
3291 13
3292 13
3293 11
3294 11
3295 13
3296 13
3297 13
3298 13
3299 13
3300 11
3301 11
3302 13
3303 11
3304 11
3305 13
3306 13
3307 13
3308 13
3309 12
3310 13
3311 12
3312 13
3313 13
3314 12
3315 11
3316 13
3317 11
3318 12
3319 13
3320 13
3321 13
3322 13
3323 13
3324 11
3325 12
3326 13
3327 13
3328 13
3329 13
3330 13
3331 13
3332 13
3333 11
3334 13
3335 13
3336 13
3337 13
3338 13
3339 11
3340 13
3341 13
3342 13
3343 13
3344 13
3345 13
3346 13
3347 13
3348 11
3349 13
3350 13
3351 13
3352 13
3353 13
3354 13
3355 13
3356 13
3357 13
3358 13
3359 13
3360 13
3361 13
3362 11
3363 11
3364 11
3365 13
3366 13
3367 13
3368 13
3369 13
3370 13
3371 13
3372 13
3373 13
3374 13
3375 13
3376 13
3377 13
3378 13
3379 13
3380 13
3381 13
3382 12
3383 13
3384 11
3385 13
3386 13
3387 11
3388 11
3389 13
3390 11
3391 13
3392 11
3393 13
3394 11
3395 13
3396 13
3397 13
3398 13
3399 11
3400 11
3401 13
3402 13
3403 13
3404 13
3405 13
3406 13
3407 13
3408 13
3409 13
3410 13
3411 13
3412 13
3413 11
3414 11
3415 13
3416 13
3417 11
3418 13
3419 13
3420 13
3421 13
3422 13
3423 12
3424 13
3425 13
3426 11
3427 13
3428 11
3429 13
3430 11
3431 13
3432 13
3433 11
3434 13
3435 11
3436 11
3437 14
3438 14
3439 14
3440 14
3441 14
3442 14
3443 14
3444 14
3445 14
3446 14
3447 14
3448 14
3449 14
3450 14
3451 14
3452 14
3453 14
3454 14
3455 14
3456 14
3457 14
3458 14
3459 14
3460 14
3461 14
3462 14
3463 14
3464 14
3465 14
3466 14
3467 14
3468 14
3469 14
3470 14
3471 14
3472 14
3473 14
3474 14
3475 14
3476 14
3477 14
3478 14
3479 14
3480 14
3481 14
3482 14
3483 14
3484 14
3485 14
3486 14
3487 14
3488 14
3489 14
3490 14
3491 14
3492 14
3493 14
3494 14
3495 14
3496 14
3497 14
3498 14
3499 14
3500 14
3501 14
3502 14
3503 14
3504 14
3505 14
3506 14
3507 14
3508 14
3509 14
3510 14
3511 14
3512 14
3513 14
3514 14
3515 14
3516 14
3517 14
3518 14
3519 14
3520 14
3521 14
3522 14
3523 14
3524 14
3525 14
3526 14
3527 14
3528 14
3529 14
3530 14
3531 14
3532 14
3533 14
3534 14
3535 14
3536 14
3537 14
3538 14
3539 14
3540 14
3541 14
3542 14
3543 14
3544 14
3545 14
3546 14
3547 14
3548 14
3549 14
3550 14
3551 14
3552 14
3553 14
3554 14
3555 14
3556 14
3557 14
3558 14
3559 14
3560 14
3561 14
3562 14
3563 14
3564 14
3565 14
3566 14
3567 14
3568 14
3569 14
3570 14
3571 14
3572 14
3573 14
3574 14
3575 14
3576 14
3577 14
3578 14
3579 14
3580 14
3581 14
3582 14
3583 14
3584 14
3585 14
3586 14
3587 14
3588 14
3589 14
3590 14
3591 14
3592 14
3593 14
3594 14
3595 14
3596 14
3597 14
3598 14
3599 14
3600 14
3601 14
3602 14
3603 14
3604 14
3605 14
3606 14
3607 14
3608 14
3609 14
3610 14
3611 14
3612 14
3613 14
3614 14
3615 14
3616 14
3617 14
3618 14
3619 14
3620 14
3621 14
3622 14
3623 14
3624 14
3625 14
3626 14
3627 14
3628 14
3629 14
3630 14
3631 14
3632 14
3633 14
3634 14
3635 14
3636 14
3637 14
3638 14
3639 14
3640 14
3641 14
3642 14
3643 14
3644 14
3645 14
3646 14
3647 14
3648 14
3649 14
3650 14
3651 14
3652 14
3653 14
3654 14
3655 14
3656 14
3657 14
3658 14
3659 14
3660 14
3661 14
3662 14
3663 14
3664 14
3665 14
3666 14
3667 14
3668 14
3669 14
3670 14
3671 14
3672 14
3673 14
3674 14
3675 14
3676 14
3677 14
3678 14
3679 14
3680 14
3681 14
3682 14
3683 14
3684 14
3685 14
3686 14
3687 14
3688 14
3689 14
3690 14
3691 14
3692 14
3693 14
3694 14
3695 14
3696 14
3697 14
3698 14
3699 14
3700 14
3701 14
3702 14
3703 14
3704 14
3705 14
3706 14
3707 14
3708 14
3709 14
3710 14
3711 14
3712 14
3713 14
3714 14
3715 14
3716 14
3717 14
3718 14
3719 14
3720 14
3721 14
3722 14
3723 14
3724 14
3725 14
3726 14
3727 14
3728 14
3729 14
3730 14
3731 14
3732 14
3733 14
3734 14
3735 14
3736 14
3737 14
3738 14
3739 14
3740 14
3741 14
3742 14
3743 14
3744 14
3745 14
3746 14
3747 14
3748 14
3749 14
3750 14
3751 14
3752 14
3753 14
3754 14
3755 14
3756 14
3757 14
3758 14
3759 14
3760 14
3761 14
3762 14
3763 14
3764 14
3765 14
3766 14
3767 14
3768 14
3769 14
3770 14
3771 14
3772 14
3773 14
3774 14
3775 14
3776 14
3777 14
3778 14
3779 14
3780 14
3781 14
3782 14
3783 14
3784 14
3785 14
3786 14
3787 14
3788 14
3789 14
3790 14
3791 14
3792 14
3793 14
3794 14
3795 14
3796 14
3797 14
3798 14
3799 14
3800 14
3801 14
3802 14
3803 14
3804 14
3805 14
3806 14
3807 14
3808 14
3809 14
3810 14
3811 14
3812 14
3813 14
3814 14
3815 14
3816 14
3817 14
3818 14
3819 14
3820 14
3821 14
3822 14
3823 14
3824 14
3825 14
3826 14
3827 14
3828 14
3829 14
3830 14
3831 14
3832 14
3833 14
3834 14
3835 14
3836 14
3837 14
3838 14
3839 14
3840 14
3841 14
3842 14
3843 14
3844 14
3845 14
3846 14
3847 14
3848 14
3849 14
3850 14
3851 14
3852 14
3853 14
3854 14
3855 14
3856 14
3857 14
3858 14
3859 14
3860 14
3861 14
3862 14
3863 14
3864 14
3865 14
3866 14
3867 14
3868 14
3869 14
3870 14
3871 14
3872 14
3873 14
3874 14
3875 14
3876 14
3877 14
3878 14
3879 14
3880 14
3881 14
3882 14
3883 14
3884 14
3885 14
3886 14
3887 14
3888 14
3889 14
3890 14
3891 14
3892 14
3893 14
3894 14
3895 14
3896 14
3897 14
3898 14
3899 14
3900 14
3901 14
3902 14
3903 14
3904 14
3905 14
3906 14
3907 14
3908 14
3909 14
3910 14
3911 14
3912 14
3913 14
3914 14
3915 14
3916 14
3917 14
3918 14
3919 14
3920 14
3921 14
3922 14
3923 14
3924 14
3925 14
3926 14
3927 14
3928 14
3929 14
3930 14
3931 14
3932 14
3933 14
3934 14
3935 14
3936 14
3937 14
3938 14
3939 14
3940 14
3941 14
3942 14
3943 14
3944 14
3945 14
3946 14
3947 14
3948 14
3949 14
3950 14
3951 14
3952 14
3953 14
3954 14
3955 14
3956 14
3957 14
3958 14
3959 14
3960 14
3961 14
3962 14
3963 14
3964 14
3965 14
3966 14
3967 14
3968 14
3969 14
3970 14
3971 14
3972 14
3973 14
3974 14
3975 14
3976 14
3977 14
3978 14
3979 14
3980 15
3981 15
3982 15
3983 15
3984 15
3985 15
3986 15
3987 15
3988 15
3989 15
3990 15
3991 15
3992 15
3993 15
3994 15
3995 15
3996 15
3997 15
3998 15
3999 15
4000 15
4001 15
4002 15
4003 15
4004 15
4005 15
4006 15
4007 15
4008 15
4009 15
4010 15
4011 15
4012 15
4013 15
4014 15
4015 15
4016 15
4017 15
4018 15
4019 15
4020 15
4021 15
4022 15
4023 15
4024 15
4025 15
4026 15
4027 15
4028 15
4029 15
4030 15
4031 15
4032 15
4033 15
4034 15
4035 15
4036 15
4037 15
4038 15
